2018/04/30-08:54:09.482154 7f823abcc700 RocksDB version: 5.7.3
2018/04/30-08:54:09.482178 7f823abcc700 Git sha rocksdb_build_git_sha:
2018/04/30-08:54:09.482180 7f823abcc700 Compile date Sep  1 2017
2018/04/30-08:54:09.482181 7f823abcc700 DB SUMMARY
2018/04/30-08:54:09.482219 7f823abcc700 CURRENT file:  CURRENT
2018/04/30-08:54:09.482220 7f823abcc700 IDENTITY file:  IDENTITY
2018/04/30-08:54:09.482224 7f823abcc700 MANIFEST file:  MANIFEST-000001 size: 13 Bytes
2018/04/30-08:54:09.482226 7f823abcc700 SST files in testDispose//tmp/rdbfactorytest2 dir, Total Num: 0, files: 
2018/04/30-08:54:09.482228 7f823abcc700 Write Ahead Log file in testDispose//tmp/rdbfactorytest2: 000003.log size: 0 ; 
2018/04/30-08:54:09.482229 7f823abcc700                         Options.error_if_exists: 0
2018/04/30-08:54:09.482231 7f823abcc700                       Options.create_if_missing: 1
2018/04/30-08:54:09.482231 7f823abcc700                         Options.paranoid_checks: 1
2018/04/30-08:54:09.482232 7f823abcc700                                     Options.env: 0x7f81f8d69880
2018/04/30-08:54:09.482233 7f823abcc700                                Options.info_log: 0x7f80db577580
2018/04/30-08:54:09.482234 7f823abcc700                Options.max_file_opening_threads: 16
2018/04/30-08:54:09.482235 7f823abcc700                               Options.use_fsync: 0
2018/04/30-08:54:09.482236 7f823abcc700                       Options.max_log_file_size: 0
2018/04/30-08:54:09.482237 7f823abcc700                  Options.max_manifest_file_size: 18446744073709551615
2018/04/30-08:54:09.482238 7f823abcc700                   Options.log_file_time_to_roll: 0
2018/04/30-08:54:09.482239 7f823abcc700                       Options.keep_log_file_num: 1000
2018/04/30-08:54:09.482240 7f823abcc700                    Options.recycle_log_file_num: 0
2018/04/30-08:54:09.482241 7f823abcc700                         Options.allow_fallocate: 1
2018/04/30-08:54:09.482242 7f823abcc700                        Options.allow_mmap_reads: 0
2018/04/30-08:54:09.482243 7f823abcc700                       Options.allow_mmap_writes: 0
2018/04/30-08:54:09.482244 7f823abcc700                        Options.use_direct_reads: 0
2018/04/30-08:54:09.482245 7f823abcc700                        Options.use_direct_io_for_flush_and_compaction: 0
2018/04/30-08:54:09.482245 7f823abcc700          Options.create_missing_column_families: 0
2018/04/30-08:54:09.482246 7f823abcc700                              Options.db_log_dir: 
2018/04/30-08:54:09.482247 7f823abcc700                                 Options.wal_dir: testDispose//tmp/rdbfactorytest2
2018/04/30-08:54:09.482248 7f823abcc700                Options.table_cache_numshardbits: 6
2018/04/30-08:54:09.482249 7f823abcc700                      Options.max_subcompactions: 1
2018/04/30-08:54:09.482250 7f823abcc700                  Options.max_background_flushes: -1
2018/04/30-08:54:09.482251 7f823abcc700                         Options.WAL_ttl_seconds: 0
2018/04/30-08:54:09.482252 7f823abcc700                       Options.WAL_size_limit_MB: 0
2018/04/30-08:54:09.482253 7f823abcc700             Options.manifest_preallocation_size: 4194304
2018/04/30-08:54:09.482254 7f823abcc700                     Options.is_fd_close_on_exec: 1
2018/04/30-08:54:09.482254 7f823abcc700                   Options.advise_random_on_open: 1
2018/04/30-08:54:09.482255 7f823abcc700                    Options.db_write_buffer_size: 0
2018/04/30-08:54:09.482256 7f823abcc700         Options.access_hint_on_compaction_start: 1
2018/04/30-08:54:09.482257 7f823abcc700  Options.new_table_reader_for_compaction_inputs: 0
2018/04/30-08:54:09.482258 7f823abcc700               Options.compaction_readahead_size: 0
2018/04/30-08:54:09.482259 7f823abcc700           Options.random_access_max_buffer_size: 1048576
2018/04/30-08:54:09.482260 7f823abcc700           Options.writable_file_max_buffer_size: 1048576
2018/04/30-08:54:09.482261 7f823abcc700                      Options.use_adaptive_mutex: 0
2018/04/30-08:54:09.482261 7f823abcc700                            Options.rate_limiter: (nil)
2018/04/30-08:54:09.482263 7f823abcc700     Options.sst_file_manager.rate_bytes_per_sec: 0
2018/04/30-08:54:09.482272 7f823abcc700                          Options.bytes_per_sync: 0
2018/04/30-08:54:09.482273 7f823abcc700                      Options.wal_bytes_per_sync: 0
2018/04/30-08:54:09.482274 7f823abcc700                       Options.wal_recovery_mode: 2
2018/04/30-08:54:09.482275 7f823abcc700                  Options.enable_thread_tracking: 0
2018/04/30-08:54:09.482276 7f823abcc700                  Options.enable_pipelined_write: 0
2018/04/30-08:54:09.482277 7f823abcc700         Options.allow_concurrent_memtable_write: 1
2018/04/30-08:54:09.482277 7f823abcc700      Options.enable_write_thread_adaptive_yield: 1
2018/04/30-08:54:09.482278 7f823abcc700             Options.write_thread_max_yield_usec: 100
2018/04/30-08:54:09.482279 7f823abcc700            Options.write_thread_slow_yield_usec: 3
2018/04/30-08:54:09.482280 7f823abcc700                               Options.row_cache: None
2018/04/30-08:54:09.482281 7f823abcc700                              Options.wal_filter: None
2018/04/30-08:54:09.482282 7f823abcc700             Options.avoid_flush_during_recovery: 0
2018/04/30-08:54:09.482283 7f823abcc700             Options.allow_ingest_behind: 0
2018/04/30-08:54:09.482284 7f823abcc700             Options.concurrent_prepare: 0
2018/04/30-08:54:09.482285 7f823abcc700             Options.manual_wal_flush: 0
2018/04/30-08:54:09.482286 7f823abcc700             Options.max_background_jobs: 2
2018/04/30-08:54:09.482287 7f823abcc700             Options.max_background_compactions: -1
2018/04/30-08:54:09.482288 7f823abcc700             Options.avoid_flush_during_shutdown: 0
2018/04/30-08:54:09.482289 7f823abcc700             Options.delayed_write_rate : 16777216
2018/04/30-08:54:09.482290 7f823abcc700             Options.max_total_wal_size: 0
2018/04/30-08:54:09.482291 7f823abcc700             Options.delete_obsolete_files_period_micros: 21600000000
2018/04/30-08:54:09.482292 7f823abcc700                   Options.stats_dump_period_sec: 600
2018/04/30-08:54:09.482293 7f823abcc700                          Options.max_open_files: -1
2018/04/30-08:54:09.482294 7f823abcc700 Compression algorithms supported:
2018/04/30-08:54:09.482295 7f823abcc700 	Snappy supported: 1
2018/04/30-08:54:09.482296 7f823abcc700 	Zlib supported: 1
2018/04/30-08:54:09.482296 7f823abcc700 	Bzip supported: 1
2018/04/30-08:54:09.482297 7f823abcc700 	LZ4 supported: 1
2018/04/30-08:54:09.482298 7f823abcc700 	ZSTD supported: 1
2018/04/30-08:54:09.482299 7f823abcc700 Fast CRC32 supported: 0
2018/04/30-08:54:09.482452 7f823abcc700 [db/version_set.cc:2712] Recovering from manifest file: MANIFEST-000001
2018/04/30-08:54:09.482569 7f823abcc700 [db/column_family.cc:413] --------------- Options for column family [default]:
2018/04/30-08:54:09.482572 7f823abcc700               Options.comparator: leveldb.BytewiseComparator
2018/04/30-08:54:09.482573 7f823abcc700           Options.merge_operator: None
2018/04/30-08:54:09.482574 7f823abcc700        Options.compaction_filter: None
2018/04/30-08:54:09.482575 7f823abcc700        Options.compaction_filter_factory: None
2018/04/30-08:54:09.482576 7f823abcc700         Options.memtable_factory: SkipListFactory
2018/04/30-08:54:09.482577 7f823abcc700            Options.table_factory: BlockBasedTable
2018/04/30-08:54:09.482610 7f823abcc700            table_factory options:   flush_block_policy_factory: FlushBlockBySizePolicyFactory (0x7f8235404c00)
  cache_index_and_filter_blocks: 0
  cache_index_and_filter_blocks_with_high_priority: 0
  pin_l0_filter_and_index_blocks_in_cache: 0
  index_type: 2
  hash_index_allow_collision: 1
  checksum: 1
  no_block_cache: 0
  block_cache: 0x7f82353f5b88
  block_cache_name: LRUCache
  block_cache_options:
    capacity : 104857600
    num_shard_bits : 6
    strict_capacity_limit : 0
    high_pri_pool_ratio: 0.000
  block_cache_compressed: (nil)
  persistent_cache: (nil)
  block_size: 262144
  block_size_deviation: 10
  block_restart_interval: 16
  index_block_restart_interval: 1
  filter_policy: rocksdb.BuiltinBloomFilter
  whole_key_filtering: 1
  format_version: 0
2018/04/30-08:54:09.482627 7f823abcc700        Options.write_buffer_size: 67108864
2018/04/30-08:54:09.482629 7f823abcc700  Options.max_write_buffer_number: 2
2018/04/30-08:54:09.482630 7f823abcc700          Options.compression: Snappy
2018/04/30-08:54:09.482631 7f823abcc700                  Options.bottommost_compression: Disabled
2018/04/30-08:54:09.482632 7f823abcc700       Options.prefix_extractor: nullptr
2018/04/30-08:54:09.482633 7f823abcc700   Options.memtable_insert_with_hint_prefix_extractor: nullptr
2018/04/30-08:54:09.482634 7f823abcc700             Options.num_levels: 7
2018/04/30-08:54:09.482635 7f823abcc700        Options.min_write_buffer_number_to_merge: 1
2018/04/30-08:54:09.482636 7f823abcc700     Options.max_write_buffer_number_to_maintain: 0
2018/04/30-08:54:09.482637 7f823abcc700            Options.compression_opts.window_bits: -14
2018/04/30-08:54:09.482638 7f823abcc700                  Options.compression_opts.level: -1
2018/04/30-08:54:09.482639 7f823abcc700               Options.compression_opts.strategy: 0
2018/04/30-08:54:09.482640 7f823abcc700         Options.compression_opts.max_dict_bytes: 0
2018/04/30-08:54:09.482641 7f823abcc700      Options.level0_file_num_compaction_trigger: 4
2018/04/30-08:54:09.482642 7f823abcc700          Options.level0_slowdown_writes_trigger: 20
2018/04/30-08:54:09.482643 7f823abcc700              Options.level0_stop_writes_trigger: 36
2018/04/30-08:54:09.482644 7f823abcc700                   Options.target_file_size_base: 67108864
2018/04/30-08:54:09.482645 7f823abcc700             Options.target_file_size_multiplier: 1
2018/04/30-08:54:09.482645 7f823abcc700                Options.max_bytes_for_level_base: 268435456
2018/04/30-08:54:09.482646 7f823abcc700 Options.level_compaction_dynamic_level_bytes: 0
2018/04/30-08:54:09.482647 7f823abcc700          Options.max_bytes_for_level_multiplier: 10.000000
2018/04/30-08:54:09.482650 7f823abcc700 Options.max_bytes_for_level_multiplier_addtl[0]: 1
2018/04/30-08:54:09.482651 7f823abcc700 Options.max_bytes_for_level_multiplier_addtl[1]: 1
2018/04/30-08:54:09.482652 7f823abcc700 Options.max_bytes_for_level_multiplier_addtl[2]: 1
2018/04/30-08:54:09.482653 7f823abcc700 Options.max_bytes_for_level_multiplier_addtl[3]: 1
2018/04/30-08:54:09.482654 7f823abcc700 Options.max_bytes_for_level_multiplier_addtl[4]: 1
2018/04/30-08:54:09.482654 7f823abcc700 Options.max_bytes_for_level_multiplier_addtl[5]: 1
2018/04/30-08:54:09.482655 7f823abcc700 Options.max_bytes_for_level_multiplier_addtl[6]: 1
2018/04/30-08:54:09.482656 7f823abcc700       Options.max_sequential_skip_in_iterations: 8
2018/04/30-08:54:09.482657 7f823abcc700                    Options.max_compaction_bytes: 1677721600
2018/04/30-08:54:09.482658 7f823abcc700                        Options.arena_block_size: 8388608
2018/04/30-08:54:09.482659 7f823abcc700   Options.soft_pending_compaction_bytes_limit: 68719476736
2018/04/30-08:54:09.482660 7f823abcc700   Options.hard_pending_compaction_bytes_limit: 274877906944
2018/04/30-08:54:09.482661 7f823abcc700       Options.rate_limit_delay_max_milliseconds: 100
2018/04/30-08:54:09.482662 7f823abcc700                Options.disable_auto_compactions: 0
2018/04/30-08:54:09.482663 7f823abcc700                        Options.compaction_style: kCompactionStyleLevel
2018/04/30-08:54:09.482664 7f823abcc700                          Options.compaction_pri: kByCompensatedSize
2018/04/30-08:54:09.482665 7f823abcc700 Options.compaction_options_universal.size_ratio: 1
2018/04/30-08:54:09.482666 7f823abcc700 Options.compaction_options_universal.min_merge_width: 2
2018/04/30-08:54:09.482667 7f823abcc700 Options.compaction_options_universal.max_merge_width: 4294967295
2018/04/30-08:54:09.482668 7f823abcc700 Options.compaction_options_universal.max_size_amplification_percent: 200
2018/04/30-08:54:09.482669 7f823abcc700 Options.compaction_options_universal.compression_size_percent: -1
2018/04/30-08:54:09.482670 7f823abcc700 Options.compaction_options_universal.stop_style: kCompactionStopStyleTotalSize
2018/04/30-08:54:09.482671 7f823abcc700 Options.compaction_options_fifo.max_table_files_size: 1073741824
2018/04/30-08:54:09.482679 7f823abcc700 Options.compaction_options_fifo.allow_compaction: 0
2018/04/30-08:54:09.482680 7f823abcc700 Options.compaction_options_fifo.ttl: 0
2018/04/30-08:54:09.482681 7f823abcc700                   Options.table_properties_collectors: 
2018/04/30-08:54:09.482682 7f823abcc700                   Options.inplace_update_support: 0
2018/04/30-08:54:09.482683 7f823abcc700                 Options.inplace_update_num_locks: 10000
2018/04/30-08:54:09.482684 7f823abcc700               Options.memtable_prefix_bloom_size_ratio: 0.000000
2018/04/30-08:54:09.482685 7f823abcc700   Options.memtable_huge_page_size: 0
2018/04/30-08:54:09.482686 7f823abcc700                           Options.bloom_locality: 0
2018/04/30-08:54:09.482687 7f823abcc700                    Options.max_successive_merges: 0
2018/04/30-08:54:09.482688 7f823abcc700                Options.optimize_filters_for_hits: 0
2018/04/30-08:54:09.482689 7f823abcc700                Options.paranoid_file_checks: 0
2018/04/30-08:54:09.482690 7f823abcc700                Options.force_consistency_checks: 0
2018/04/30-08:54:09.482691 7f823abcc700                Options.report_bg_io_stats: 0
2018/04/30-08:54:09.483290 7f823abcc700 [db/version_set.cc:2969] Recovered from manifest file:testDispose//tmp/rdbfactorytest2/MANIFEST-000001 succeeded,manifest_file_number is 1, next_file_number is 3, last_sequence is 0, log_number is 0,prev_log_number is 0,max_column_family is 0
2018/04/30-08:54:09.483295 7f823abcc700 [db/version_set.cc:2977] Column family [default] (ID 0), log number is 0
2018/04/30-08:54:09.483344 7f823abcc700 EVENT_LOG_v1 {"time_micros": 1525078449483340, "job": 1, "event": "recovery_started", "log_files": [3]}
2018/04/30-08:54:09.483348 7f823abcc700 [db/db_impl_open.cc:506] Recovering log #3 mode 2
2018/04/30-08:54:09.483468 7f823abcc700 [db/version_set.cc:2498] Creating manifest 5
2018/04/30-08:54:09.484401 7f823abcc700 EVENT_LOG_v1 {"time_micros": 1525078449484399, "job": 1, "event": "recovery_finished"}
2018/04/30-08:54:09.485918 7f823abcc700 [db/db_impl_open.cc:1111] DB pointer 0x7f80db579260
2018/04/30-08:54:10.583722 7f823abcc700 [db/db_impl.cc:222] Shutdown: canceling all background work
2018/04/30-08:54:10.583846 7f823abcc700 [db/db_impl.cc:348] Shutdown complete
