2018/04/30-08:54:09.490959 7f823abcc700 RocksDB version: 5.7.3
2018/04/30-08:54:09.490983 7f823abcc700 Git sha rocksdb_build_git_sha:
2018/04/30-08:54:09.490986 7f823abcc700 Compile date Sep  1 2017
2018/04/30-08:54:09.490987 7f823abcc700 DB SUMMARY
2018/04/30-08:54:09.491025 7f823abcc700 CURRENT file:  CURRENT
2018/04/30-08:54:09.491026 7f823abcc700 IDENTITY file:  IDENTITY
2018/04/30-08:54:09.491030 7f823abcc700 MANIFEST file:  MANIFEST-000001 size: 13 Bytes
2018/04/30-08:54:09.491032 7f823abcc700 SST files in testDispose//tmp/rdbfactorytest4 dir, Total Num: 0, files: 
2018/04/30-08:54:09.491033 7f823abcc700 Write Ahead Log file in testDispose//tmp/rdbfactorytest4: 000003.log size: 0 ; 
2018/04/30-08:54:09.491035 7f823abcc700                         Options.error_if_exists: 0
2018/04/30-08:54:09.491036 7f823abcc700                       Options.create_if_missing: 1
2018/04/30-08:54:09.491037 7f823abcc700                         Options.paranoid_checks: 1
2018/04/30-08:54:09.491038 7f823abcc700                                     Options.env: 0x7f81f8d69880
2018/04/30-08:54:09.491039 7f823abcc700                                Options.info_log: 0x7f80db5d9950
2018/04/30-08:54:09.491040 7f823abcc700                Options.max_file_opening_threads: 16
2018/04/30-08:54:09.491041 7f823abcc700                               Options.use_fsync: 0
2018/04/30-08:54:09.491042 7f823abcc700                       Options.max_log_file_size: 0
2018/04/30-08:54:09.491043 7f823abcc700                  Options.max_manifest_file_size: 18446744073709551615
2018/04/30-08:54:09.491044 7f823abcc700                   Options.log_file_time_to_roll: 0
2018/04/30-08:54:09.491045 7f823abcc700                       Options.keep_log_file_num: 1000
2018/04/30-08:54:09.491046 7f823abcc700                    Options.recycle_log_file_num: 0
2018/04/30-08:54:09.491047 7f823abcc700                         Options.allow_fallocate: 1
2018/04/30-08:54:09.491048 7f823abcc700                        Options.allow_mmap_reads: 0
2018/04/30-08:54:09.491048 7f823abcc700                       Options.allow_mmap_writes: 0
2018/04/30-08:54:09.491049 7f823abcc700                        Options.use_direct_reads: 0
2018/04/30-08:54:09.491050 7f823abcc700                        Options.use_direct_io_for_flush_and_compaction: 0
2018/04/30-08:54:09.491051 7f823abcc700          Options.create_missing_column_families: 0
2018/04/30-08:54:09.491052 7f823abcc700                              Options.db_log_dir: 
2018/04/30-08:54:09.491053 7f823abcc700                                 Options.wal_dir: testDispose//tmp/rdbfactorytest4
2018/04/30-08:54:09.491054 7f823abcc700                Options.table_cache_numshardbits: 6
2018/04/30-08:54:09.491055 7f823abcc700                      Options.max_subcompactions: 1
2018/04/30-08:54:09.491056 7f823abcc700                  Options.max_background_flushes: -1
2018/04/30-08:54:09.491057 7f823abcc700                         Options.WAL_ttl_seconds: 0
2018/04/30-08:54:09.491057 7f823abcc700                       Options.WAL_size_limit_MB: 0
2018/04/30-08:54:09.491058 7f823abcc700             Options.manifest_preallocation_size: 4194304
2018/04/30-08:54:09.491059 7f823abcc700                     Options.is_fd_close_on_exec: 1
2018/04/30-08:54:09.491060 7f823abcc700                   Options.advise_random_on_open: 1
2018/04/30-08:54:09.491061 7f823abcc700                    Options.db_write_buffer_size: 0
2018/04/30-08:54:09.491062 7f823abcc700         Options.access_hint_on_compaction_start: 1
2018/04/30-08:54:09.491063 7f823abcc700  Options.new_table_reader_for_compaction_inputs: 0
2018/04/30-08:54:09.491064 7f823abcc700               Options.compaction_readahead_size: 0
2018/04/30-08:54:09.491064 7f823abcc700           Options.random_access_max_buffer_size: 1048576
2018/04/30-08:54:09.491065 7f823abcc700           Options.writable_file_max_buffer_size: 1048576
2018/04/30-08:54:09.491066 7f823abcc700                      Options.use_adaptive_mutex: 0
2018/04/30-08:54:09.491067 7f823abcc700                            Options.rate_limiter: (nil)
2018/04/30-08:54:09.491068 7f823abcc700     Options.sst_file_manager.rate_bytes_per_sec: 0
2018/04/30-08:54:09.491079 7f823abcc700                          Options.bytes_per_sync: 0
2018/04/30-08:54:09.491080 7f823abcc700                      Options.wal_bytes_per_sync: 0
2018/04/30-08:54:09.491081 7f823abcc700                       Options.wal_recovery_mode: 2
2018/04/30-08:54:09.491082 7f823abcc700                  Options.enable_thread_tracking: 0
2018/04/30-08:54:09.491082 7f823abcc700                  Options.enable_pipelined_write: 0
2018/04/30-08:54:09.491083 7f823abcc700         Options.allow_concurrent_memtable_write: 1
2018/04/30-08:54:09.491084 7f823abcc700      Options.enable_write_thread_adaptive_yield: 1
2018/04/30-08:54:09.491085 7f823abcc700             Options.write_thread_max_yield_usec: 100
2018/04/30-08:54:09.491086 7f823abcc700            Options.write_thread_slow_yield_usec: 3
2018/04/30-08:54:09.491087 7f823abcc700                               Options.row_cache: None
2018/04/30-08:54:09.491088 7f823abcc700                              Options.wal_filter: None
2018/04/30-08:54:09.491089 7f823abcc700             Options.avoid_flush_during_recovery: 0
2018/04/30-08:54:09.491090 7f823abcc700             Options.allow_ingest_behind: 0
2018/04/30-08:54:09.491090 7f823abcc700             Options.concurrent_prepare: 0
2018/04/30-08:54:09.491091 7f823abcc700             Options.manual_wal_flush: 0
2018/04/30-08:54:09.491092 7f823abcc700             Options.max_background_jobs: 2
2018/04/30-08:54:09.491093 7f823abcc700             Options.max_background_compactions: -1
2018/04/30-08:54:09.491094 7f823abcc700             Options.avoid_flush_during_shutdown: 0
2018/04/30-08:54:09.491095 7f823abcc700             Options.delayed_write_rate : 16777216
2018/04/30-08:54:09.491096 7f823abcc700             Options.max_total_wal_size: 0
2018/04/30-08:54:09.491097 7f823abcc700             Options.delete_obsolete_files_period_micros: 21600000000
2018/04/30-08:54:09.491098 7f823abcc700                   Options.stats_dump_period_sec: 600
2018/04/30-08:54:09.491099 7f823abcc700                          Options.max_open_files: -1
2018/04/30-08:54:09.491100 7f823abcc700 Compression algorithms supported:
2018/04/30-08:54:09.491101 7f823abcc700 	Snappy supported: 1
2018/04/30-08:54:09.491102 7f823abcc700 	Zlib supported: 1
2018/04/30-08:54:09.491103 7f823abcc700 	Bzip supported: 1
2018/04/30-08:54:09.491104 7f823abcc700 	LZ4 supported: 1
2018/04/30-08:54:09.491105 7f823abcc700 	ZSTD supported: 1
2018/04/30-08:54:09.491106 7f823abcc700 Fast CRC32 supported: 0
2018/04/30-08:54:09.491262 7f823abcc700 [db/version_set.cc:2712] Recovering from manifest file: MANIFEST-000001
2018/04/30-08:54:09.491358 7f823abcc700 [db/column_family.cc:413] --------------- Options for column family [default]:
2018/04/30-08:54:09.491360 7f823abcc700               Options.comparator: leveldb.BytewiseComparator
2018/04/30-08:54:09.491362 7f823abcc700           Options.merge_operator: None
2018/04/30-08:54:09.491363 7f823abcc700        Options.compaction_filter: None
2018/04/30-08:54:09.491363 7f823abcc700        Options.compaction_filter_factory: None
2018/04/30-08:54:09.491364 7f823abcc700         Options.memtable_factory: SkipListFactory
2018/04/30-08:54:09.491365 7f823abcc700            Options.table_factory: BlockBasedTable
2018/04/30-08:54:09.491386 7f823abcc700            table_factory options:   flush_block_policy_factory: FlushBlockBySizePolicyFactory (0x7f8235404c00)
  cache_index_and_filter_blocks: 0
  cache_index_and_filter_blocks_with_high_priority: 0
  pin_l0_filter_and_index_blocks_in_cache: 0
  index_type: 2
  hash_index_allow_collision: 1
  checksum: 1
  no_block_cache: 0
  block_cache: 0x7f82353f5b88
  block_cache_name: LRUCache
  block_cache_options:
    capacity : 104857600
    num_shard_bits : 6
    strict_capacity_limit : 0
    high_pri_pool_ratio: 0.000
  block_cache_compressed: (nil)
  persistent_cache: (nil)
  block_size: 262144
  block_size_deviation: 10
  block_restart_interval: 16
  index_block_restart_interval: 1
  filter_policy: rocksdb.BuiltinBloomFilter
  whole_key_filtering: 1
  format_version: 0
2018/04/30-08:54:09.491401 7f823abcc700        Options.write_buffer_size: 67108864
2018/04/30-08:54:09.491402 7f823abcc700  Options.max_write_buffer_number: 2
2018/04/30-08:54:09.491403 7f823abcc700          Options.compression: Snappy
2018/04/30-08:54:09.491404 7f823abcc700                  Options.bottommost_compression: Disabled
2018/04/30-08:54:09.491405 7f823abcc700       Options.prefix_extractor: nullptr
2018/04/30-08:54:09.491406 7f823abcc700   Options.memtable_insert_with_hint_prefix_extractor: nullptr
2018/04/30-08:54:09.491407 7f823abcc700             Options.num_levels: 7
2018/04/30-08:54:09.491408 7f823abcc700        Options.min_write_buffer_number_to_merge: 1
2018/04/30-08:54:09.491409 7f823abcc700     Options.max_write_buffer_number_to_maintain: 0
2018/04/30-08:54:09.491410 7f823abcc700            Options.compression_opts.window_bits: -14
2018/04/30-08:54:09.491411 7f823abcc700                  Options.compression_opts.level: -1
2018/04/30-08:54:09.491412 7f823abcc700               Options.compression_opts.strategy: 0
2018/04/30-08:54:09.491413 7f823abcc700         Options.compression_opts.max_dict_bytes: 0
2018/04/30-08:54:09.491414 7f823abcc700      Options.level0_file_num_compaction_trigger: 4
2018/04/30-08:54:09.491415 7f823abcc700          Options.level0_slowdown_writes_trigger: 20
2018/04/30-08:54:09.491415 7f823abcc700              Options.level0_stop_writes_trigger: 36
2018/04/30-08:54:09.491416 7f823abcc700                   Options.target_file_size_base: 67108864
2018/04/30-08:54:09.491417 7f823abcc700             Options.target_file_size_multiplier: 1
2018/04/30-08:54:09.491418 7f823abcc700                Options.max_bytes_for_level_base: 268435456
2018/04/30-08:54:09.491419 7f823abcc700 Options.level_compaction_dynamic_level_bytes: 0
2018/04/30-08:54:09.491420 7f823abcc700          Options.max_bytes_for_level_multiplier: 10.000000
2018/04/30-08:54:09.491422 7f823abcc700 Options.max_bytes_for_level_multiplier_addtl[0]: 1
2018/04/30-08:54:09.491423 7f823abcc700 Options.max_bytes_for_level_multiplier_addtl[1]: 1
2018/04/30-08:54:09.491424 7f823abcc700 Options.max_bytes_for_level_multiplier_addtl[2]: 1
2018/04/30-08:54:09.491425 7f823abcc700 Options.max_bytes_for_level_multiplier_addtl[3]: 1
2018/04/30-08:54:09.491426 7f823abcc700 Options.max_bytes_for_level_multiplier_addtl[4]: 1
2018/04/30-08:54:09.491427 7f823abcc700 Options.max_bytes_for_level_multiplier_addtl[5]: 1
2018/04/30-08:54:09.491428 7f823abcc700 Options.max_bytes_for_level_multiplier_addtl[6]: 1
2018/04/30-08:54:09.491429 7f823abcc700       Options.max_sequential_skip_in_iterations: 8
2018/04/30-08:54:09.491429 7f823abcc700                    Options.max_compaction_bytes: 1677721600
2018/04/30-08:54:09.491430 7f823abcc700                        Options.arena_block_size: 8388608
2018/04/30-08:54:09.491431 7f823abcc700   Options.soft_pending_compaction_bytes_limit: 68719476736
2018/04/30-08:54:09.491432 7f823abcc700   Options.hard_pending_compaction_bytes_limit: 274877906944
2018/04/30-08:54:09.491433 7f823abcc700       Options.rate_limit_delay_max_milliseconds: 100
2018/04/30-08:54:09.491434 7f823abcc700                Options.disable_auto_compactions: 0
2018/04/30-08:54:09.491435 7f823abcc700                        Options.compaction_style: kCompactionStyleLevel
2018/04/30-08:54:09.491436 7f823abcc700                          Options.compaction_pri: kByCompensatedSize
2018/04/30-08:54:09.491437 7f823abcc700 Options.compaction_options_universal.size_ratio: 1
2018/04/30-08:54:09.491438 7f823abcc700 Options.compaction_options_universal.min_merge_width: 2
2018/04/30-08:54:09.491439 7f823abcc700 Options.compaction_options_universal.max_merge_width: 4294967295
2018/04/30-08:54:09.491440 7f823abcc700 Options.compaction_options_universal.max_size_amplification_percent: 200
2018/04/30-08:54:09.491441 7f823abcc700 Options.compaction_options_universal.compression_size_percent: -1
2018/04/30-08:54:09.491442 7f823abcc700 Options.compaction_options_universal.stop_style: kCompactionStopStyleTotalSize
2018/04/30-08:54:09.491443 7f823abcc700 Options.compaction_options_fifo.max_table_files_size: 1073741824
2018/04/30-08:54:09.491450 7f823abcc700 Options.compaction_options_fifo.allow_compaction: 0
2018/04/30-08:54:09.491452 7f823abcc700 Options.compaction_options_fifo.ttl: 0
2018/04/30-08:54:09.491453 7f823abcc700                   Options.table_properties_collectors: 
2018/04/30-08:54:09.491454 7f823abcc700                   Options.inplace_update_support: 0
2018/04/30-08:54:09.491455 7f823abcc700                 Options.inplace_update_num_locks: 10000
2018/04/30-08:54:09.491455 7f823abcc700               Options.memtable_prefix_bloom_size_ratio: 0.000000
2018/04/30-08:54:09.491457 7f823abcc700   Options.memtable_huge_page_size: 0
2018/04/30-08:54:09.491458 7f823abcc700                           Options.bloom_locality: 0
2018/04/30-08:54:09.491459 7f823abcc700                    Options.max_successive_merges: 0
2018/04/30-08:54:09.491460 7f823abcc700                Options.optimize_filters_for_hits: 0
2018/04/30-08:54:09.491460 7f823abcc700                Options.paranoid_file_checks: 0
2018/04/30-08:54:09.491461 7f823abcc700                Options.force_consistency_checks: 0
2018/04/30-08:54:09.491462 7f823abcc700                Options.report_bg_io_stats: 0
2018/04/30-08:54:09.492050 7f823abcc700 [db/version_set.cc:2969] Recovered from manifest file:testDispose//tmp/rdbfactorytest4/MANIFEST-000001 succeeded,manifest_file_number is 1, next_file_number is 3, last_sequence is 0, log_number is 0,prev_log_number is 0,max_column_family is 0
2018/04/30-08:54:09.492055 7f823abcc700 [db/version_set.cc:2977] Column family [default] (ID 0), log number is 0
2018/04/30-08:54:09.492103 7f823abcc700 EVENT_LOG_v1 {"time_micros": 1525078449492099, "job": 1, "event": "recovery_started", "log_files": [3]}
2018/04/30-08:54:09.492107 7f823abcc700 [db/db_impl_open.cc:506] Recovering log #3 mode 2
2018/04/30-08:54:09.492225 7f823abcc700 [db/version_set.cc:2498] Creating manifest 5
2018/04/30-08:54:09.493828 7f823abcc700 EVENT_LOG_v1 {"time_micros": 1525078449493825, "job": 1, "event": "recovery_finished"}
2018/04/30-08:54:09.495245 7f823abcc700 [db/db_impl_open.cc:1111] DB pointer 0x7f80db5db900
2018/04/30-08:54:10.953155 7f823abcc700 [db/db_impl.cc:222] Shutdown: canceling all background work
2018/04/30-08:54:10.953273 7f823abcc700 [db/db_impl.cc:348] Shutdown complete
