2018/04/30-08:54:09.477332 7f823abcc700 RocksDB version: 5.7.3
2018/04/30-08:54:09.477357 7f823abcc700 Git sha rocksdb_build_git_sha:
2018/04/30-08:54:09.477359 7f823abcc700 Compile date Sep  1 2017
2018/04/30-08:54:09.477361 7f823abcc700 DB SUMMARY
2018/04/30-08:54:09.477399 7f823abcc700 CURRENT file:  CURRENT
2018/04/30-08:54:09.477401 7f823abcc700 IDENTITY file:  IDENTITY
2018/04/30-08:54:09.477405 7f823abcc700 MANIFEST file:  MANIFEST-000001 size: 13 Bytes
2018/04/30-08:54:09.477407 7f823abcc700 SST files in testDispose//tmp/rdbfactorytest1 dir, Total Num: 0, files: 
2018/04/30-08:54:09.477408 7f823abcc700 Write Ahead Log file in testDispose//tmp/rdbfactorytest1: 000003.log size: 0 ; 
2018/04/30-08:54:09.477410 7f823abcc700                         Options.error_if_exists: 0
2018/04/30-08:54:09.477411 7f823abcc700                       Options.create_if_missing: 1
2018/04/30-08:54:09.477412 7f823abcc700                         Options.paranoid_checks: 1
2018/04/30-08:54:09.477413 7f823abcc700                                     Options.env: 0x7f81f8d69880
2018/04/30-08:54:09.477414 7f823abcc700                                Options.info_log: 0x7f80db547b00
2018/04/30-08:54:09.477415 7f823abcc700                Options.max_file_opening_threads: 16
2018/04/30-08:54:09.477416 7f823abcc700                               Options.use_fsync: 0
2018/04/30-08:54:09.477417 7f823abcc700                       Options.max_log_file_size: 0
2018/04/30-08:54:09.477418 7f823abcc700                  Options.max_manifest_file_size: 18446744073709551615
2018/04/30-08:54:09.477419 7f823abcc700                   Options.log_file_time_to_roll: 0
2018/04/30-08:54:09.477420 7f823abcc700                       Options.keep_log_file_num: 1000
2018/04/30-08:54:09.477421 7f823abcc700                    Options.recycle_log_file_num: 0
2018/04/30-08:54:09.477422 7f823abcc700                         Options.allow_fallocate: 1
2018/04/30-08:54:09.477423 7f823abcc700                        Options.allow_mmap_reads: 0
2018/04/30-08:54:09.477424 7f823abcc700                       Options.allow_mmap_writes: 0
2018/04/30-08:54:09.477425 7f823abcc700                        Options.use_direct_reads: 0
2018/04/30-08:54:09.477425 7f823abcc700                        Options.use_direct_io_for_flush_and_compaction: 0
2018/04/30-08:54:09.477426 7f823abcc700          Options.create_missing_column_families: 0
2018/04/30-08:54:09.477427 7f823abcc700                              Options.db_log_dir: 
2018/04/30-08:54:09.477428 7f823abcc700                                 Options.wal_dir: testDispose//tmp/rdbfactorytest1
2018/04/30-08:54:09.477429 7f823abcc700                Options.table_cache_numshardbits: 6
2018/04/30-08:54:09.477430 7f823abcc700                      Options.max_subcompactions: 1
2018/04/30-08:54:09.477431 7f823abcc700                  Options.max_background_flushes: -1
2018/04/30-08:54:09.477432 7f823abcc700                         Options.WAL_ttl_seconds: 0
2018/04/30-08:54:09.477433 7f823abcc700                       Options.WAL_size_limit_MB: 0
2018/04/30-08:54:09.477434 7f823abcc700             Options.manifest_preallocation_size: 4194304
2018/04/30-08:54:09.477435 7f823abcc700                     Options.is_fd_close_on_exec: 1
2018/04/30-08:54:09.477436 7f823abcc700                   Options.advise_random_on_open: 1
2018/04/30-08:54:09.477436 7f823abcc700                    Options.db_write_buffer_size: 0
2018/04/30-08:54:09.477437 7f823abcc700         Options.access_hint_on_compaction_start: 1
2018/04/30-08:54:09.477438 7f823abcc700  Options.new_table_reader_for_compaction_inputs: 0
2018/04/30-08:54:09.477439 7f823abcc700               Options.compaction_readahead_size: 0
2018/04/30-08:54:09.477440 7f823abcc700           Options.random_access_max_buffer_size: 1048576
2018/04/30-08:54:09.477441 7f823abcc700           Options.writable_file_max_buffer_size: 1048576
2018/04/30-08:54:09.477442 7f823abcc700                      Options.use_adaptive_mutex: 0
2018/04/30-08:54:09.477443 7f823abcc700                            Options.rate_limiter: (nil)
2018/04/30-08:54:09.477444 7f823abcc700     Options.sst_file_manager.rate_bytes_per_sec: 0
2018/04/30-08:54:09.477455 7f823abcc700                          Options.bytes_per_sync: 0
2018/04/30-08:54:09.477456 7f823abcc700                      Options.wal_bytes_per_sync: 0
2018/04/30-08:54:09.477457 7f823abcc700                       Options.wal_recovery_mode: 2
2018/04/30-08:54:09.477458 7f823abcc700                  Options.enable_thread_tracking: 0
2018/04/30-08:54:09.477458 7f823abcc700                  Options.enable_pipelined_write: 0
2018/04/30-08:54:09.477459 7f823abcc700         Options.allow_concurrent_memtable_write: 1
2018/04/30-08:54:09.477460 7f823abcc700      Options.enable_write_thread_adaptive_yield: 1
2018/04/30-08:54:09.477461 7f823abcc700             Options.write_thread_max_yield_usec: 100
2018/04/30-08:54:09.477462 7f823abcc700            Options.write_thread_slow_yield_usec: 3
2018/04/30-08:54:09.477463 7f823abcc700                               Options.row_cache: None
2018/04/30-08:54:09.477464 7f823abcc700                              Options.wal_filter: None
2018/04/30-08:54:09.477465 7f823abcc700             Options.avoid_flush_during_recovery: 0
2018/04/30-08:54:09.477466 7f823abcc700             Options.allow_ingest_behind: 0
2018/04/30-08:54:09.477467 7f823abcc700             Options.concurrent_prepare: 0
2018/04/30-08:54:09.477468 7f823abcc700             Options.manual_wal_flush: 0
2018/04/30-08:54:09.477469 7f823abcc700             Options.max_background_jobs: 2
2018/04/30-08:54:09.477470 7f823abcc700             Options.max_background_compactions: -1
2018/04/30-08:54:09.477477 7f823abcc700             Options.avoid_flush_during_shutdown: 0
2018/04/30-08:54:09.477478 7f823abcc700             Options.delayed_write_rate : 16777216
2018/04/30-08:54:09.477479 7f823abcc700             Options.max_total_wal_size: 0
2018/04/30-08:54:09.477480 7f823abcc700             Options.delete_obsolete_files_period_micros: 21600000000
2018/04/30-08:54:09.477481 7f823abcc700                   Options.stats_dump_period_sec: 600
2018/04/30-08:54:09.477482 7f823abcc700                          Options.max_open_files: -1
2018/04/30-08:54:09.477483 7f823abcc700 Compression algorithms supported:
2018/04/30-08:54:09.477484 7f823abcc700 	Snappy supported: 1
2018/04/30-08:54:09.477485 7f823abcc700 	Zlib supported: 1
2018/04/30-08:54:09.477486 7f823abcc700 	Bzip supported: 1
2018/04/30-08:54:09.477487 7f823abcc700 	LZ4 supported: 1
2018/04/30-08:54:09.477488 7f823abcc700 	ZSTD supported: 1
2018/04/30-08:54:09.477489 7f823abcc700 Fast CRC32 supported: 0
2018/04/30-08:54:09.477662 7f823abcc700 [db/version_set.cc:2712] Recovering from manifest file: MANIFEST-000001
2018/04/30-08:54:09.477761 7f823abcc700 [db/column_family.cc:413] --------------- Options for column family [default]:
2018/04/30-08:54:09.477764 7f823abcc700               Options.comparator: leveldb.BytewiseComparator
2018/04/30-08:54:09.477765 7f823abcc700           Options.merge_operator: None
2018/04/30-08:54:09.477766 7f823abcc700        Options.compaction_filter: None
2018/04/30-08:54:09.477767 7f823abcc700        Options.compaction_filter_factory: None
2018/04/30-08:54:09.477768 7f823abcc700         Options.memtable_factory: SkipListFactory
2018/04/30-08:54:09.477769 7f823abcc700            Options.table_factory: BlockBasedTable
2018/04/30-08:54:09.477787 7f823abcc700            table_factory options:   flush_block_policy_factory: FlushBlockBySizePolicyFactory (0x7f8235404c00)
  cache_index_and_filter_blocks: 0
  cache_index_and_filter_blocks_with_high_priority: 0
  pin_l0_filter_and_index_blocks_in_cache: 0
  index_type: 2
  hash_index_allow_collision: 1
  checksum: 1
  no_block_cache: 0
  block_cache: 0x7f82353f5b88
  block_cache_name: LRUCache
  block_cache_options:
    capacity : 104857600
    num_shard_bits : 6
    strict_capacity_limit : 0
    high_pri_pool_ratio: 0.000
  block_cache_compressed: (nil)
  persistent_cache: (nil)
  block_size: 262144
  block_size_deviation: 10
  block_restart_interval: 16
  index_block_restart_interval: 1
  filter_policy: rocksdb.BuiltinBloomFilter
  whole_key_filtering: 1
  format_version: 0
2018/04/30-08:54:09.477803 7f823abcc700        Options.write_buffer_size: 67108864
2018/04/30-08:54:09.477805 7f823abcc700  Options.max_write_buffer_number: 2
2018/04/30-08:54:09.477806 7f823abcc700          Options.compression: Snappy
2018/04/30-08:54:09.477808 7f823abcc700                  Options.bottommost_compression: Disabled
2018/04/30-08:54:09.477809 7f823abcc700       Options.prefix_extractor: nullptr
2018/04/30-08:54:09.477810 7f823abcc700   Options.memtable_insert_with_hint_prefix_extractor: nullptr
2018/04/30-08:54:09.477810 7f823abcc700             Options.num_levels: 7
2018/04/30-08:54:09.477811 7f823abcc700        Options.min_write_buffer_number_to_merge: 1
2018/04/30-08:54:09.477813 7f823abcc700     Options.max_write_buffer_number_to_maintain: 0
2018/04/30-08:54:09.477814 7f823abcc700            Options.compression_opts.window_bits: -14
2018/04/30-08:54:09.477815 7f823abcc700                  Options.compression_opts.level: -1
2018/04/30-08:54:09.477815 7f823abcc700               Options.compression_opts.strategy: 0
2018/04/30-08:54:09.477816 7f823abcc700         Options.compression_opts.max_dict_bytes: 0
2018/04/30-08:54:09.477817 7f823abcc700      Options.level0_file_num_compaction_trigger: 4
2018/04/30-08:54:09.477818 7f823abcc700          Options.level0_slowdown_writes_trigger: 20
2018/04/30-08:54:09.477819 7f823abcc700              Options.level0_stop_writes_trigger: 36
2018/04/30-08:54:09.477820 7f823abcc700                   Options.target_file_size_base: 67108864
2018/04/30-08:54:09.477821 7f823abcc700             Options.target_file_size_multiplier: 1
2018/04/30-08:54:09.477822 7f823abcc700                Options.max_bytes_for_level_base: 268435456
2018/04/30-08:54:09.477823 7f823abcc700 Options.level_compaction_dynamic_level_bytes: 0
2018/04/30-08:54:09.477824 7f823abcc700          Options.max_bytes_for_level_multiplier: 10.000000
2018/04/30-08:54:09.477826 7f823abcc700 Options.max_bytes_for_level_multiplier_addtl[0]: 1
2018/04/30-08:54:09.477827 7f823abcc700 Options.max_bytes_for_level_multiplier_addtl[1]: 1
2018/04/30-08:54:09.477828 7f823abcc700 Options.max_bytes_for_level_multiplier_addtl[2]: 1
2018/04/30-08:54:09.477829 7f823abcc700 Options.max_bytes_for_level_multiplier_addtl[3]: 1
2018/04/30-08:54:09.477830 7f823abcc700 Options.max_bytes_for_level_multiplier_addtl[4]: 1
2018/04/30-08:54:09.477831 7f823abcc700 Options.max_bytes_for_level_multiplier_addtl[5]: 1
2018/04/30-08:54:09.477832 7f823abcc700 Options.max_bytes_for_level_multiplier_addtl[6]: 1
2018/04/30-08:54:09.477832 7f823abcc700       Options.max_sequential_skip_in_iterations: 8
2018/04/30-08:54:09.477833 7f823abcc700                    Options.max_compaction_bytes: 1677721600
2018/04/30-08:54:09.477834 7f823abcc700                        Options.arena_block_size: 8388608
2018/04/30-08:54:09.477835 7f823abcc700   Options.soft_pending_compaction_bytes_limit: 68719476736
2018/04/30-08:54:09.477836 7f823abcc700   Options.hard_pending_compaction_bytes_limit: 274877906944
2018/04/30-08:54:09.477837 7f823abcc700       Options.rate_limit_delay_max_milliseconds: 100
2018/04/30-08:54:09.477838 7f823abcc700                Options.disable_auto_compactions: 0
2018/04/30-08:54:09.477839 7f823abcc700                        Options.compaction_style: kCompactionStyleLevel
2018/04/30-08:54:09.477841 7f823abcc700                          Options.compaction_pri: kByCompensatedSize
2018/04/30-08:54:09.477842 7f823abcc700 Options.compaction_options_universal.size_ratio: 1
2018/04/30-08:54:09.477843 7f823abcc700 Options.compaction_options_universal.min_merge_width: 2
2018/04/30-08:54:09.477844 7f823abcc700 Options.compaction_options_universal.max_merge_width: 4294967295
2018/04/30-08:54:09.477845 7f823abcc700 Options.compaction_options_universal.max_size_amplification_percent: 200
2018/04/30-08:54:09.477846 7f823abcc700 Options.compaction_options_universal.compression_size_percent: -1
2018/04/30-08:54:09.477847 7f823abcc700 Options.compaction_options_universal.stop_style: kCompactionStopStyleTotalSize
2018/04/30-08:54:09.477848 7f823abcc700 Options.compaction_options_fifo.max_table_files_size: 1073741824
2018/04/30-08:54:09.477856 7f823abcc700 Options.compaction_options_fifo.allow_compaction: 0
2018/04/30-08:54:09.477857 7f823abcc700 Options.compaction_options_fifo.ttl: 0
2018/04/30-08:54:09.477858 7f823abcc700                   Options.table_properties_collectors: 
2018/04/30-08:54:09.477859 7f823abcc700                   Options.inplace_update_support: 0
2018/04/30-08:54:09.477860 7f823abcc700                 Options.inplace_update_num_locks: 10000
2018/04/30-08:54:09.477861 7f823abcc700               Options.memtable_prefix_bloom_size_ratio: 0.000000
2018/04/30-08:54:09.477862 7f823abcc700   Options.memtable_huge_page_size: 0
2018/04/30-08:54:09.477863 7f823abcc700                           Options.bloom_locality: 0
2018/04/30-08:54:09.477864 7f823abcc700                    Options.max_successive_merges: 0
2018/04/30-08:54:09.477865 7f823abcc700                Options.optimize_filters_for_hits: 0
2018/04/30-08:54:09.477866 7f823abcc700                Options.paranoid_file_checks: 0
2018/04/30-08:54:09.477867 7f823abcc700                Options.force_consistency_checks: 0
2018/04/30-08:54:09.477868 7f823abcc700                Options.report_bg_io_stats: 0
2018/04/30-08:54:09.478475 7f823abcc700 [db/version_set.cc:2969] Recovered from manifest file:testDispose//tmp/rdbfactorytest1/MANIFEST-000001 succeeded,manifest_file_number is 1, next_file_number is 3, last_sequence is 0, log_number is 0,prev_log_number is 0,max_column_family is 0
2018/04/30-08:54:09.478479 7f823abcc700 [db/version_set.cc:2977] Column family [default] (ID 0), log number is 0
2018/04/30-08:54:09.478529 7f823abcc700 EVENT_LOG_v1 {"time_micros": 1525078449478525, "job": 1, "event": "recovery_started", "log_files": [3]}
2018/04/30-08:54:09.478533 7f823abcc700 [db/db_impl_open.cc:506] Recovering log #3 mode 2
2018/04/30-08:54:09.478669 7f823abcc700 [db/version_set.cc:2498] Creating manifest 5
2018/04/30-08:54:09.480245 7f823abcc700 EVENT_LOG_v1 {"time_micros": 1525078449480242, "job": 1, "event": "recovery_finished"}
2018/04/30-08:54:09.481679 7f823abcc700 [db/db_impl_open.cc:1111] DB pointer 0x7f80db546f90
2018/04/30-08:54:10.599545 7f823abcc700 [db/db_impl.cc:222] Shutdown: canceling all background work
2018/04/30-08:54:10.599693 7f823abcc700 [db/db_impl.cc:348] Shutdown complete
